100
4
2 8 1 3
5
15 30 1 3 3
6
1 3 8 18 1 2
9
1 1 2 2 11 1 20 1 1
10
1 3 1 3 2 1 25 3 1 3
13
19 1 1 1 3 1 11 1 12 4 11 3 30
14
2 1 3 1 2 1 9 7 3 1 3 2 2 3
15
1 2 2 1 30 20 3 3 2 13 1 12 2 3 29
15
24 2 1 3 11 28 1 23 10 4 14 3 1 2 14
17
2 2 5 19 2 3 2 12 8 8 1 13 3 3 27 4 14
17
3 3 3 1 2 2 1 17 1 2 2 2 1 1 25 7 9
17
22 7 2 7 1 3 3 1 1 3 4 2 3 3 1 3 1
17
1 3 12 22 1 3 10 1 1 1 11 2 24 3 2 3 3
18
2 1 18 3 6 10 12 24 3 2 2 20 24 11 1 19 1 6
19
15 3 1 1 1 3 3 1 12 2 23 10 3 1 2 3 2 1 1
19
2 19 1 27 2 27 2 1 28 2 2 7 2 28 2 2 19 2 1
21
2 1 1 3 1 4 2 1 3 3 1 2 1 3 3 3 27 2 3 3 3
21
21 30 2 16 2 2 3 2 2 1 3 1 3 1 1 7 30 20 1 5 14
23
1 2 14 2 1 14 20 3 2 2 9 27 3 1 1 22 1 2 3 1 20 1 3
25
10 2 2 1 2 3 2 24 7 1 3 1 1 2 2 5 2 15 1 1 3 2 3 8 23
25
2 20 10 3 3 2 1 28 2 3 3 2 14 2 1 1 1 3 3 3 11 9 22 8 12
28
3 6 1 5 3 3 2 3 1 1 2 3 1 3 2 3 1 19 8 14 28 2 22 1 2 21 3 2
28
3 3 3 2 13 2 15 2 1 25 2 8 1 1 16 7 12 1 3 1 1 2 1 29 26 3 1 3
28
3 1 27 3 1 1 2 28 2 6 3 9 2 23 11 1 2 2 2 30 1 1 3 2 3 20 1 1
29
3 2 6 30 1 4 17 1 3 28 2 3 1 1 1 2 12 10 1 3 1 1 2 2 2 3 25 15 6
30
2 2 14 2 19 2 3 3 23 2 1 14 2 1 1 3 3 2 25 29 3 1 8 2 2 26 1 3 1 27
32
1 27 3 1 4 2 1 2 2 2 11 1 3 3 3 15 3 23 3 1 2 1 2 3 3 3 30 3 3 2 2 3
33
3 1 1 24 2 22 30 1 30 1 3 3 1 14 3 3 20 27 2 1 9 3 2 3 1 2 15 7 1 20 4 2 7
35
1 3 13 17 2 2 1 3 3 2 23 3 1 2 14 10 7 1 16 2 3 13 2 3 15 25 30 6 8 20 3 2 30 29 3
35
19 12 15 3 25 1 28 19 3 3 2 21 4 1 2 24 2 5 3 3 2 2 2 13 3 2 3 2 17 1 2 3 1 2 3
36
4 2 3 7 3 3 10 4 28 2 1 1 2 2 3 2 10 3 1 2 2 1 3 1 29 1 25 1 2 2 2 3 7 2 23 17
38
1 2 2 2 1 3 3 21 5 27 3 3 1 1 3 1 23 2 3 2 26 1 20 3 11 3 3 28 3 3 3 28 24 3 3 3 3 1
39
2 20 3 27 14 1 1 3 2 29 28 1 3 22 1 1 18 1 19 1 1 17 1 3 3 2 1 2 3 6 8 26 3 2 3 3 1 3 25
40
2 3 21 1 29 25 14 2 2 3 20 1 1 29 3 8 3 3 3 1 2 1 3 3 30 2 15 1 1 21 2 3 2 24 14 2 11 2 1 1
41
1 22 3 1 3 28 1 1 2 3 1 1 2 2 2 1 1 2 5 20 1 1 17 3 2 17 3 3 12 11 2 12 3 14 3 3 2 21 14 2 1
42
2 2 15 2 2 3 14 3 23 1 3 1 3 6 14 19 1 2 8 1 3 20 3 3 3 3 5 1 1 16 1 3 2 1 2 22 18 2 3 22 30 4
43
3 1 1 8 2 25 1 13 20 1 1 3 25 3 25 3 1 2 2 3 2 2 27 29 5 2 1 1 1 2 3 2 1 3 2 5 18 3 2 3 3 3 1
43
1 2 3 3 26 1 3 2 3 28 1 3 22 2 3 3 1 1 1 3 1 3 16 3 3 18 1 3 1 2 2 3 3 4 2 2 3 3 28 2 1 2 3
43
30 1 25 3 24 3 3 19 11 3 2 1 1 1 3 1 3 2 1 2 1 1 3 1 3 2 3 1 9 3 3 1 3 3 3 2 3 24 1 1 1 3 17
45
1 3 1 2 2 2 9 2 1 29 2 3 2 3 14 1 3 6 2 1 10 3 26 3 4 3 1 3 14 3 2 3 2 1 3 3 1 2 3 1 3 6 3 20 3
45
2 1 2 29 1 3 1 3 3 10 2 2 3 3 24 2 3 27 12 16 2 3 3 6 2 1 1 1 2 3 3 20 3 5 9 2 23 3 3 24 28 1 1 1 15
47
26 30 3 2 3 11 18 3 7 12 17 9 2 8 3 1 15 1 2 2 17 2 2 2 3 18 21 1 3 1 1 3 9 15 2 3 3 15 2 3 3 2 3 2 1 3 2
47
21 26 2 4 10 2 2 28 2 1 10 3 3 3 2 3 3 3 16 3 1 2 3 2 1 4 20 18 3 1 2 1 2 5 3 2 1 1 2 3 21 1 1 1 3 1 24
48
1 1 1 1 1 17 11 23 18 1 1 1 1 3 26 1 2 2 3 13 3 3 3 2 26 2 3 3 6 4 29 2 1 1 1 1 17 16 1 3 1 11 8 18 18 2 11 1
49
1 14 1 2 10 29 2 3 3 3 30 3 3 2 1 1 2 28 4 2 1 2 3 3 1 13 4 2 3 19 3 3 18 1 13 27 1 17 2 2 29 2 3 12 13 28 30 2 1
49
3 23 19 2 1 3 2 29 1 14 26 2 26 7 1 16 1 3 3 11 2 2 2 2 22 3 3 2 16 1 1 1 3 1 3 2 12 1 2 2 3 4 21 25 3 5 1 16 1
50
2 1 1 3 3 1 8 2 21 1 2 23 1 3 3 2 2 2 30 13 3 3 1 12 2 26 3 3 19 1 2 1 28 2 23 2 1 1 2 1 3 28 2 25 2 3 1 1 29 7
51
1 3 12 2 2 2 1 25 14 2 1 21 1 27 3 3 2 2 2 3 2 25 3 4 2 30 3 1 17 1 23 3 3 26 2 3 3 25 2 26 1 4 26 2 11 15 2 1 3 18 2
52
18 1 3 12 2 4 1 26 1 1 24 2 1 28 2 6 3 20 2 1 2 3 3 3 3 3 1 3 29 3 3 5 12 5 3 1 3 12 1 3 6 6 3 1 2 3 5 2 1 15 1 5
52
3 2 1 2 2 3 1 3 3 5 1 3 27 1 20 2 2 2 21 13 1 18 25 3 28 3 2 12 8 6 3 3 2 18 1 19 25 3 2 1 1 17 30 1 3 1 3 23 2 1 2 1
52
3 1 24 26 1 1 3 2 24 2 2 1 29 2 1 3 1 2 24 3 1 1 3 14 5 1 3 1 2 1 2 3 24 1 2 19 3 5 2 3 1 2 3 2 25 1 17 2 1 2 3 26
55
1 28 26 14 3 24 15 1 3 2 3 1 3 2 2 2 2 3 2 2 2 7 16 2 2 3 3 28 2 2 2 1 19 2 3 3 3 3 1 3 2 1 12 1 1 14 3 1 1 2 3 1 1 18 3
56
3 1 27 1 18 3 22 11 1 1 3 26 2 2 1 3 1 10 1 1 3 1 2 2 2 3 1 3 3 29 2 3 7 1 28 3 2 2 1 2 27 27 21 26 2 10 3 9 2 2 1 3 2 12 1 2
57
16 11 2 2 18 1 2 3 1 20 3 1 2 6 11 2 2 18 3 18 3 1 28 2 2 2 2 3 2 2 3 2 3 3 1 3 3 30 16 3 2 3 1 2 3 1 11 2 3 2 3 3 21 3 3 3 19
57
1 2 1 3 3 26 2 23 2 1 13 2 23 1 19 3 1 3 3 3 11 10 1 14 19 2 2 2 16 2 2 1 1 1 1 1 2 1 2 3 3 3 2 3 2 2 3 2 1 22 3 1 29 14 2 1 3
57
1 2 1 2 3 2 13 3 2 2 26 2 2 3 9 3 2 4 1 3 3 1 3 2 28 24 2 3 11 20 16 2 3 3 30 1 3 1 1 25 1 1 17 1 3 3 12 26 3 3 1 30 1 1 1 1 14
58
20 16 5 21 2 3 1 8 3 1 14 17 3 30 2 2 1 28 23 1 2 1 1 1 27 22 17 3 26 3 2 1 2 1 2 1 2 2 1 1 3 13 3 3 10 3 2 13 2 3 2 2 3 1 2 3 15 5
58
3 2 30 2 2 1 23 3 2 1 3 2 7 20 1 1 1 2 3 1 3 4 1 1 10 1 2 2 2 12 20 14 3 3 2 23 3 2 1 1 7 2 17 1 2 16 3 2 2 2 20 1 2 3 1 3 3 2
58
11 16 1 2 1 1 3 3 2 2 1 8 2 14 5 3 14 30 1 2 3 3 2 1 2 3 17 23 22 3 3 3 15 2 3 3 1 8 3 2 11 1 3 28 2 4 2 2 2 7 2 23 3 4 3 3 18 3
59
1 1 3 23 1 3 2 6 2 3 2 3 7 3 11 2 18 2 1 3 2 17 2 3 4 2 2 1 1 3 2 2 3 2 14 2 1 3 3 10 2 1 2 13 20 1 1 1 15 1 1 1 3 22 4 3 2 10 3
59
2 15 3 1 3 3 30 10 2 3 2 2 14 2 16 2 11 1 2 1 1 3 27 1 19 29 1 1 3 16 1 3 27 1 2 3 1 25 3 2 20 3 3 14 13 3 1 2 2 3 22 3 18 6 1 28 18 2 3
61
2 16 2 3 1 2 3 3 2 1 3 1 2 3 29 1 7 1 1 2 1 20 2 25 4 18 2 14 3 1 1 2 7 23 3 7 4 24 2 3 2 1 3 1 19 1 2 1 3 3 22 1 14 3 1 3 18 2 2 8 19
63
1 28 2 2 1 3 24 3 5 1 18 1 2 2 1 1 3 23 3 2 3 3 2 2 29 1 1 18 3 22 1 2 3 1 1 25 2 1 5 3 3 2 2 3 2 1 23 13 27 2 18 9 1 1 18 8 3 3 2 1 3 16 2
64
3 1 3 22 1 3 2 26 3 3 29 3 3 2 1 3 1 26 14 1 2 29 1 3 2 2 4 2 3 1 2 24 2 1 13 2 3 2 30 26 3 2 25 1 2 28 1 19 2 12 1 5 3 2 1 1 2 2 3 1 16 1 1 20
65
2 19 3 4 27 19 2 1 27 1 1 8 1 2 3 20 1 3 3 9 3 1 2 3 17 1 1 13 3 1 28 23 29 3 2 18 2 3 2 1 3 3 2 23 3 12 1 20 15 2 2 15 2 3 2 1 25 1 3 3 1 1 1 2 2
67
3 4 3 3 6 1 2 1 2 10 1 1 19 12 3 2 3 3 1 3 3 3 2 3 3 1 15 28 2 1 30 1 1 3 3 1 1 14 21 3 5 2 17 3 3 1 1 12 1 2 3 1 17 12 3 3 17 3 9 20 1 1 1 3 22 1 5
68
3 3 2 10 2 3 1 8 4 25 3 21 3 11 2 3 28 3 27 5 3 11 2 3 3 23 3 2 2 1 3 10 2 1 2 11 2 3 2 2 5 3 2 1 2 27 3 3 16 3 28 1 2 1 12 1 5 2 1 7 1 2 2 2 2 1 21 2
69
11 1 13 2 1 1 26 1 3 3 3 3 1 12 2 24 2 3 3 2 5 1 15 2 1 1 3 3 1 1 1 3 2 3 5 2 3 27 2 2 3 1 2 3 10 2 3 1 29 2 2 9 3 1 2 1 25 23 1 3 19 1 1 1 2 1 16 2 3
69
2 3 2 3 2 1 2 3 1 2 2 9 1 1 1 13 2 3 2 3 3 1 2 2 6 2 3 2 3 2 1 27 3 2 1 1 1 1 2 1 3 3 3 1 1 6 1 2 1 12 3 30 19 3 21 6 1 2 3 2 3 21 2 16 3 2 2 2 2
71
2 1 22 2 3 1 3 3 2 7 3 5 28 1 1 3 15 3 6 2 10 2 2 1 3 2 8 1 18 1 7 2 1 10 2 2 6 21 13 3 2 1 1 16 26 2 2 2 2 21 1 1 2 1 20 3 18 3 1 1 1 19 2 3 26 1 2 2 10 22 10
73
3 24 29 2 3 1 9 16 3 3 2 25 14 24 2 2 2 1 2 2 15 3 14 2 2 21 2 16 15 1 25 1 2 3 21 2 1 2 1 1 3 3 9 24 2 21 13 1 3 2 1 2 26 6 2 1 9 11 3 2 2 2 1 1 1 1 2 28 25 17 3 2 21
75
3 2 3 14 2 22 3 3 4 29 2 3 21 2 3 3 2 1 9 24 1 2 3 2 1 2 17 2 2 19 26 3 24 10 1 2 1 3 2 2 7 1 26 17 1 3 11 2 3 1 2 3 1 3 3 3 3 2 9 3 1 2 1 30 17 3 1 9 18 2 2 12 30 1 3
75
1 25 17 1 3 3 22 3 12 2 9 3 1 2 2 1 2 2 14 10 2 3 1 2 2 17 3 8 3 3 2 3 3 3 2 2 3 1 3 1 3 8 24 3 3 2 1 3 26 1 1 1 1 3 5 22 2 1 3 2 2 2 3 1 3 3 3 1 1 21 1 26 3 1 3
75
3 2 2 3 1 3 3 8 3 27 13 3 3 28 2 1 1 3 1 3 1 4 3 3 3 2 4 1 2 4 1 25 2 2 2 22 2 14 1 3 24 1 1 2 1 3 3 2 30 2 20 1 1 2 2 28 1 3 1 2 2 2 3 3 18 2 2 3 1 3 2 24 20 23 3
75
3 26 19 2 1 19 28 1 1 28 26 1 3 8 1 20 4 2 9 21 24 1 2 1 2 4 1 2 2 3 7 2 2 3 9 3 2 22 3 3 2 15 2 1 2 18 3 6 2 1 1 3 1 1 1 2 2 6 3 16 5 2 3 18 30 1 2 15 3 1 17 1 2 2 3
76
2 1 3 19 2 1 2 22 2 3 8 26 23 2 1 9 1 2 2 21 1 1 2 1 24 2 5 1 2 20 2 1 1 27 3 3 18 2 8 1 22 2 1 1 3 2 1 5 3 11 26 1 1 3 2 21 12 1 2 2 3 3 1 3 1 1 1 3 1 2 1 2 2 3 3 1
77
2 1 3 2 16 1 3 2 3 2 1 2 1 3 3 4 3 3 3 1 11 26 7 16 2 15 4 22 20 15 16 2 18 2 3 2 1 1 3 2 2 1 3 2 7 3 3 1 1 3 7 26 3 3 1 3 2 10 1 17 8 27 1 3 26 17 26 3 2 1 1 1 27 2 27 3 2
78
1 1 3 3 1 27 1 18 22 2 3 2 1 13 3 3 1 1 2 24 21 3 7 13 1 5 2 19 2 3 3 1 2 19 2 22 11 20 1 3 20 1 1 2 3 6 2 3 2 1 2 19 18 2 1 2 3 2 2 2 8 18 1 17 3 8 3 2 13 23 20 22 1 16 3 3 1 2
79
3 3 5 1 2 2 1 17 3 2 11 3 2 29 20 18 3 2 23 1 17 2 20 2 1 1 6 3 1 20 3 2 18 30 2 22 2 3 2 2 2 23 3 3 1 29 7 2 2 1 1 1 27 23 3 1 1 8 11 2 26 2 1 3 23 27 6 2 1 2 27 29 2 5 3 3 22 2 2
80
29 12 2 3 3 4 2 2 1 2 27 19 3 3 2 2 3 12 1 2 2 1 2 2 3 2 28 1 3 3 5 5 1 3 24 1 3 2 13 2 28 1 1 3 3 1 1 3 9 16 19 1 1 3 2 21 1 1 1 3 2 15 2 1 3 1 19 26 2 3 2 1 2 22 3 2 1 3 14 5
80
2 2 1 2 2 1 1 30 3 13 3 26 2 2 3 3 2 2 26 20 3 1 1 7 26 3 13 1 13 17 15 1 1 15 20 30 14 19 29 2 2 19 3 13 2 19 1 3 7 28 1 9 3 24 1 15 13 3 1 8 3 3 22 11 12 2 1 1 12 14 3 24 3 3 6 1 2 1 1 2
83
3 26 1 10 1 3 3 3 2 15 2 30 3 3 27 3 12 2 1 3 3 1 3 1 3 3 27 2 2 27 25 3 1 27 3 22 1 3 3 17 1 15 3 1 10 1 1 1 19 2 3 18 2 2 20 29 1 1 1 1 16 1 1 4 25 3 2 2 1 3 2 1 1 27 18 1 2 1 30 3 2 3 2
83
2 3 2 3 3 3 1 21 3 3 3 3 2 3 2 2 1 2 2 10 2 1 2 1 25 1 2 2 1 1 6 2 8 1 1 1 2 2 1 1 2 3 1 3 1 1 1 20 1 14 1 2 1 3 20 1 3 1 17 1 1 3 3 30 16 2 2 1 1 3 3 3 3 2 12 3 22 28 1 2 20 2 1
84
1 2 3 1 3 11 2 2 1 2 2 27 3 11 3 3 1 26 1 3 1 3 3 1 9 2 2 2 29 3 3 1 1 1 1 2 1 3 21 23 29 2 2 1 19 1 3 1 2 3 1 3 3 16 3 2 1 4 18 18 5 2 12 8 3 1 2 1 2 29 29 7 3 27 2 7 2 2 3 3 20 1 9 1
84
2 1 11 2 14 3 2 17 2 1 3 1 30 2 3 2 27 5 3 1 1 25 1 9 3 1 27 1 3 3 3 22 29 13 6 1 2 3 3 1 1 1 5 3 20 2 8 1 1 2 10 3 2 3 3 1 1 2 3 3 1 3 20 3 2 27 22 3 3 3 1 25 9 11 23 26 1 3 1 2 2 1 1 3
87
1 10 2 28 21 2 1 17 3 2 3 2 18 3 2 2 29 1 2 20 22 2 2 3 13 1 3 12 3 1 8 3 30 3 1 1 2 17 2 3 1 13 11 2 23 1 2 26 2 2 1 3 10 26 3 18 2 1 3 1 1 1 2 17 1 1 25 2 19 2 2 2 1 2 1 12 22 3 21 13 2 2 3 3 29 2 1
88
3 2 3 1 3 2 1 2 2 2 11 1 3 3 24 9 7 3 1 1 1 1 1 1 26 3 3 1 21 3 1 26 2 2 2 2 23 2 3 2 2 17 1 17 2 2 3 3 2 2 1 2 1 22 27 3 1 2 24 2 3 3 3 5 1 2 2 2 3 1 6 8 6 1 3 3 2 6 3 15 6 30 1 17 1 3 1 15
89
25 1 3 1 8 2 2 1 6 3 28 1 2 1 2 2 2 2 3 27 25 2 2 3 2 4 1 20 18 2 3 15 15 3 2 3 2 2 1 2 3 1 2 29 2 29 2 2 1 1 19 1 1 3 11 1 3 17 28 14 24 1 3 3 3 20 3 3 3 5 1 2 2 7 5 1 1 19 2 6 19 2 30 1 2 3 3 25 2
91
2 2 6 1 2 3 24 2 19 3 28 1 2 2 4 1 2 1 3 3 1 29 3 3 30 2 29 2 1 1 7 4 13 30 2 3 30 2 2 9 28 3 2 2 1 3 1 2 3 2 5 11 11 1 1 1 13 2 2 12 2 1 29 1 3 23 2 1 2 2 1 2 12 2 20 16 3 3 3 3 23 14 14 3 2 1 16 2 2 1 2
91
2 2 2 17 17 6 4 6 27 5 3 1 22 14 3 1 1 2 1 13 2 23 3 1 2 3 3 21 19 22 1 3 1 3 1 12 3 5 1 17 23 1 2 2 3 16 2 3 1 1 18 3 11 1 1 1 16 3 3 1 3 7 1 29 5 2 1 2 3 3 18 4 1 2 3 2 25 3 2 1 3 2 13 24 2 1 2 3 1 3 3
92
2 3 10 1 19 1 3 27 2 1 3 5 2 2 1 2 9 3 1 2 3 3 29 2 2 1 1 2 2 2 28 6 2 2 24 1 3 1 1 2 3 2 3 1 1 16 1 3 1 1 10 24 6 1 3 2 6 2 2 3 4 2 23 2 2 2 2 10 9 1 7 2 1 3 1 2 2 1 3 10 18 3 6 2 1 1 2 3 15 2 3 12
92
3 11 2 1 24 2 1 27 2 1 1 23 3 27 10 2 12 3 2 2 2 3 7 3 1 3 1 3 1 2 13 3 8 1 18 1 27 2 1 1 1 2 23 2 24 13 1 1 23 2 3 3 3 11 1 2 2 3 16 1 2 7 1 2 30 1 3 3 2 22 3 3 1 1 3 1 17 2 21 2 1 1 30 1 1 2 3 21 16 2 3 3
94
1 3 3 3 13 3 29 3 1 3 12 23 1 14 7 1 1 1 3 3 2 3 3 2 14 3 3 1 1 1 2 2 1 3 2 6 3 10 21 29 29 2 2 2 20 1 2 1 3 13 2 3 3 26 1 3 2 1 2 1 17 2 3 1 1 28 25 15 25 1 1 3 2 26 1 1 1 21 13 3 15 7 2 1 2 1 2 30 2 3 12 2 3 7
94
3 2 3 3 3 2 17 1 8 1 17 1 1 2 3 1 13 2 1 17 1 13 1 3 2 24 7 2 2 2 2 11 3 2 1 10 2 2 2 3 9 19 3 1 1 2 2 30 3 1 2 1 29 2 1 3 1 27 2 8 7 24 2 1 17 1 2 18 18 2 3 3 14 11 1 1 25 3 2 28 2 6 2 1 1 2 12 1 2 2 1 26 3 1
95
2 1 2 2 28 3 1 3 1 6 29 1 2 28 1 1 28 3 3 2 13 1 2 1 1 14 1 15 3 20 1 27 3 2 2 14 3 1 2 1 2 2 3 3 1 2 6 2 2 24 3 19 2 2 1 11 19 5 3 2 7 3 18 2 2 2 21 14 2 2 11 1 16 28 2 1 2 3 17 3 6 1 7 2 1 1 1 3 2 3 26 2 3 1 1
96
1 3 25 13 1 2 1 2 3 3 1 3 2 1 29 2 3 19 1 3 22 1 24 3 2 2 1 1 2 2 20 3 11 16 2 2 2 1 1 2 1 1 2 3 5 1 3 30 3 3 3 12 7 6 1 2 1 2 20 4 30 6 29 2 24 2 2 22 1 2 13 1 2 3 3 1 2 1 2 2 3 3 3 2 1 1 2 18 20 1 16 2 3 2 3 26
96
26 17 2 2 9 20 1 1 10 29 1 1 1 3 2 1 2 1 3 13 1 28 14 21 4 24 3 2 2 2 3 3 1 1 2 3 3 2 1 24 2 2 8 2 3 3 19 1 1 1 1 2 1 25 15 2 1 3 1 3 2 1 2 9 3 3 2 2 2 7 1 2 28 2 20 3 27 1 5 2 1 3 30 3 2 3 23 3 2 3 3 4 1 3 2 3
98
3 3 1 3 3 16 2 30 27 3 13 21 3 3 2 3 9 2 1 3 2 3 2 12 12 3 2 2 6 2 3 23 3 2 14 2 2 3 3 8 1 3 16 3 3 2 2 3 1 3 3 2 1 1 2 8 7 1 3 1 2 1 3 1 16 1 3 1 3 24 24 28 1 1 2 1 2 2 20 11 2 1 1 22 3 14 30 1 2 3 11 10 1 1 3 11 1 3
98
1 3 17 23 1 2 3 2 2 24 1 1 4 17 1 24 3 1 2 2 2 3 1 3 3 1 2 1 3 2 1 2 20 12 29 19 1 3 3 3 10 2 20 3 1 2 3 3 1 1 3 2 1 26 2 25 1 2 16 1 17 2 3 2 3 5 3 12 13 26 2 2 1 3 1 6 2 2 9 3 3 1 8 1 3 3 28 1 8 3 8 2 1 3 3 3 3 3
99
1 13 2 2 1 6 3 5 2 3 3 3 3 18 1 1 4 1 3 2 1 2 2 1 2 2 25 3 25 28 2 2 3 3 1 3 1 3 3 2 1 24 3 3 2 1 6 20 3 1 2 9 1 2 2 23 3 1 3 1 1 18 3 3 1 2 3 2 7 8 1 3 1 1 3 2 2 1 2 1 3 2 2 29 2 2 25 3 2 3 1 2 3 20 1 24 2 3 1