100
2 2
4 1
0 8
4 5
8 3
5 7
8 6
10 6
7 9
10 10
33 15
58 6
61 9
39 38
68 15
22 79
32 70
38 69
90 25
49 85
202 152
325 68
468 37
471 78
167 439
399 235
489 213
660 106
168 608
477 498
913 70
628 385
44 984
541 493
426 630
162 929
677 553
670 595
927 712
997 652
1502 1067
1737 1912
2587 1561
2529 2754
6604 264
11 8092
6497 2610
7773 1530
696 8786
5301 4452
7896 2133
1627 8787
7693 2732
6913 3774
9299 1646
3422 7724
9315 3734
5782 8402
9899 4360
7789 7175
9303 7344
8683 9719
32444 2250
38433 969
7849 52210
21517 40941
17121 50037
19752 51044
40795 35304
2287 75837
55369 22806
45580 38133
69887 20366
70407 22717
68380 28227
24851 72322
93179 6875
6975 94608
74550 27561
85113 19643
98950 8346
84675 32765
48767 69939
27036 92118
49120 70144
86392 34857
36578 87144
52484 71803
36241 88619
35174 91037
72697 53772
35220 91986
57578 90714
54472 95203
95682 56635
74847 83596
93136 71961
90358 83210
75571 98052
94365 84857
